keys,en,es
Texto1,"A beautiful place","En un lugar de la Mancha"
